50.09
50.10
50.10
50.10
50.11
50.11
50.12
50.13
50.14
50.15
50.16
50.17
50.19
50.21
50.23
50.25
50.27
50.30
50.32
50.36
50.39
50.43
50.47
50.51
50.55
50.60
50.66
50.71
50.77
50.84
50.90
50.98
51.05
51.13
51.21
51.29
51.37
51.46
51.55
51.64
51.73
51.81
51.90
51.98
52.06
52.14
52.21
52.28
52.34
52.39
52.44
52.48
52.51
52.53
52.55
52.55
50.09
50.10
50.10
50.10
50.11
50.11
50.12
50.13
50.14
50.15
50.16
50.17
50.19
50.21
50.23
50.25
50.27
50.30
50.33
50.36
50.39
50.43
50.47
50.51
50.56
50.61
50.66
50.72
50.78
50.85
50.91
50.99
51.06
51.14
51.22
51.31
51.39
51.48
51.57
51.66
51.75
51.84
51.93
52.01
52.09
52.17
52.25
52.32
52.38
52.43
52.48
52.52
52.55
52.58
52.59
52.60
50.10
50.10
50.10
50.10
50.11
50.11
50.12
50.13
50.14
50.15
50.16
50.17
50.19
50.21
50.23
50.25
50.27
50.30
50.33
50.36
50.40
50.43
50.47
50.52
50.57
50.62
50.67
50.73
50.79
50.86
50.93
51.01
51.08
51.17
51.25
51.34
51.43
51.52
51.61
51.71
51.80
51.89
51.98
52.07
52.16
52.24
52.32
52.39
52.46
52.51
52.57
52.61
52.64
52.67
52.68
52.69
50.10
50.10
50.10
50.10
50.11
50.11
50.12
50.13
50.14
50.15
50.16
50.18
50.19
50.21
50.23
50.25
50.28
50.31
50.34
50.37
50.40
50.44
50.48
50.53
50.58
50.63
50.69
50.75
50.82
50.89
50.96
51.04
51.12
51.20
51.29
51.38
51.48
51.58
51.67
51.77
51.87
51.97
52.07
52.17
52.26
52.35
52.43
52.51
52.58
52.64
52.69
52.74
52.77
52.80
52.82
52.82
50.10
50.10
50.10
50.10
50.11
50.11
50.12
50.13
50.14
50.15
50.16
50.18
50.20
50.21
50.24
50.26
50.28
50.31
50.34
50.38
50.41
50.45
50.50
50.54
50.60
50.65
50.71
50.77
50.84
50.92
50.99
51.08
51.16
51.25
51.35
51.45
51.55
51.65
51.76
51.87
51.97
52.08
52.19
52.29
52.39
52.49
52.58
52.66
52.74
52.81
52.86
52.91
52.95
52.98
53.00
53.01
50.10
50.10
50.10
50.10
50.11
50.12
50.12
50.13
50.14
50.15
50.17
50.18
50.20
50.22
50.24
50.26
50.29
50.32
50.35
50.39
50.42
50.47
50.51
50.56
50.62
50.67
50.74
50.80
50.88
50.96
51.04
51.13
51.22
51.32
51.42
51.53
51.64
51.75
51.87
51.98
52.10
52.22
52.34
52.45
52.56
52.67
52.77
52.86
52.94
53.02
53.08
53.14
53.18
53.21
53.23
53.24
50.10
50.10
50.10
50.11
50.11
50.12
50.12
50.13
50.14
50.16
50.17
50.19
50.20
50.22
50.25
50.27
50.30
50.33
50.36
50.40
50.44
50.48
50.53
50.58
50.64
50.70
50.77
50.84
50.92
51.00
51.09
51.19
51.29
51.39
51.50
51.62
51.74
51.87
51.99
52.12
52.26
52.39
52.52
52.65
52.77
52.89
53.00
53.10
53.20
53.28
53.36
53.42
53.47
53.50
53.53
53.54
50.10
50.10
50.10
50.11
50.11
50.12
50.13
50.14
50.15
50.16
50.17
50.19
50.21
50.23
50.25
50.28
50.31
50.34
50.37
50.41
50.45
50.50
50.55
50.61
50.67
50.73
50.80
50.88
50.97
51.06
51.15
51.26
51.36
51.48
51.60
51.73
51.87
52.00
52.15
52.29
52.44
52.59
52.73
52.88
53.02
53.15
53.28
53.40
53.50
53.60
53.68
53.75
53.81
53.85
53.88
53.89
50.10
50.10
50.11
50.11
50.11
50.12
50.13
50.14
50.15
50.16
50.18
50.19
50.21
50.23
50.26
50.29
50.32
50.35
50.38
50.42
50.47
50.52
50.57
50.63
50.70
50.77
50.84
50.93
51.02
51.12
51.22
51.33
51.45
51.58
51.72
51.86
52.01
52.17
52.33
52.49
52.66
52.82
52.99
53.15
53.31
53.47
53.61
53.75
53.87
53.98
54.08
54.16
54.22
54.27
54.30
54.31
50.10
50.10
50.11
50.11
50.12
50.12
50.13
50.14
50.15
50.17
50.18
50.20
50.22
50.24
50.27
50.29
50.33
50.36
50.40
50.44
50.49
50.54
50.60
50.66
50.73
50.81
50.89
50.98
51.08
51.18
51.30
51.42
51.56
51.70
51.85
52.01
52.18
52.35
52.53
52.72
52.91
53.10
53.29
53.48
53.66
53.84
54.00
54.16
54.30
54.43
54.54
54.63
54.70
54.76
54.79
54.81
50.10
50.11
50.11
50.11
50.12
50.13
50.13
50.14
50.16
50.17
50.19
50.20
50.22
50.25
50.27
50.30
50.34
50.37
50.41
50.46
50.51
50.56
50.62
50.69
50.77
50.85
50.94
51.04
51.14
51.26
51.39
51.52
51.67
51.83
52.00
52.17
52.36
52.56
52.76
52.98
53.19
53.41
53.63
53.85
54.06
54.26
54.46
54.64
54.80
54.95
55.08
55.18
55.27
55.33
55.37
55.39
50.11
50.11
50.11
50.12
50.12
50.13
50.14
50.15
50.16
50.17
50.19
50.21
50.23
50.26
50.28
50.31
50.35
50.39
50.43
50.48
50.53
50.59
50.65
50.73
50.81
50.89
50.99
51.10
51.21
51.34
51.48
51.63
51.79
51.97
52.16
52.36
52.57
52.79
53.03
53.27
53.52
53.77
54.03
54.28
54.52
54.76
54.99
55.20
55.39
55.56
55.70
55.83
55.93
56.00
56.04
56.07
50.11
50.11
50.11
50.12
50.12
50.13
50.14
50.15
50.16
50.18
50.20
50.22
50.24
50.26
50.29
50.32
50.36
50.40
50.45
50.50
50.55
50.61
50.68
50.76
50.85
50.94
51.05
51.16
51.29
51.43
51.58
51.75
51.93
52.12
52.33
52.56
52.80
53.06
53.32
53.60
53.89
54.18
54.48
54.77
55.06
55.33
55.60
55.84
56.06
56.26
56.43
56.58
56.69
56.77
56.83
56.85
50.11
50.11
50.11
50.12
50.13
50.13
50.14
50.15
50.17
50.18
50.20
50.22
50.24
50.27
50.30
50.33
50.37
50.41
50.46
50.52
50.57
50.64
50.72
50.80
50.89
50.99
51.11
51.23
51.37
51.52
51.69
51.87
52.07
52.29
52.53
52.78
53.06
53.35
53.65
53.97
54.30
54.64
54.99
55.33
55.67
55.99
56.30
56.59
56.85
57.08
57.28
57.45
57.58
57.67
57.74
57.77
50.11
50.11
50.12
50.12
50.13
50.14
50.15
50.16
50.17
50.19
50.21
50.23
50.25
50.28
50.31
50.34
50.38
50.43
50.48
50.54
50.60
50.67
50.75
50.84
50.93
51.04
51.17
51.30
51.45
51.62
51.80
52.01
52.23
52.47
52.74
53.02
53.33
53.66
54.01
54.38
54.77
55.16
55.56
55.97
56.36
56.74
57.11
57.45
57.75
58.02
58.26
58.45
58.60
58.71
58.78
58.82
50.11
50.11
50.12
50.12
50.13
50.14
50.15
50.16
50.17
50.19
50.21
50.23
50.26
50.29
50.32
50.36
50.40
50.44
50.50
50.56
50.62
50.70
50.78
50.88
50.98
51.10
51.23
51.38
51.54
51.72
51.92
52.15
52.39
52.66
52.96
53.28
53.63
54.01
54.41
54.84
55.28
55.75
56.22
56.69
57.16
57.61
58.04
58.44
58.80
59.11
59.39
59.61
59.79
59.91
60.00
60.03
50.12
50.12
50.12
50.13
50.13
50.14
50.15
50.16
50.18
50.20
50.22
50.24
50.26
50.29
50.33
50.37
50.41
50.46
50.51
50.58
50.65
50.73
50.81
50.91
51.03
51.15
51.29
51.45
51.63
51.83
52.05
52.29
52.56
52.86
53.19
53.56
53.95
54.38
54.84
55.34
55.85
56.39
56.95
57.51
58.06
58.60
59.11
59.58
60.00
60.37
60.69
60.95
61.15
61.30
61.39
61.44
50.12
50.12
50.12
50.13
50.13
50.14
50.15
50.17
50.18
50.20
50.22
50.24
50.27
50.30
50.34
50.38
50.42
50.47
50.53
50.60
50.67
50.75
50.85
50.95
51.07
51.21
51.36
51.53
51.72
51.93
52.17
52.44
52.74
53.07
53.44
53.85
54.29
54.78
55.31
55.88
56.48
57.12
57.77
58.43
59.09
59.73
60.34
60.90
61.40
61.83
62.20
62.50
62.73
62.90
63.00
63.05
50.12
50.12
50.12
50.13
50.14
50.14
50.16
50.17
50.18
50.20
50.22
50.25
50.28
50.31
50.34
50.39
50.43
50.49
50.55
50.62
50.69
50.78
50.88
50.99
51.12
51.26
51.42
51.60
51.81
52.04
52.30
52.59
52.92
53.28
53.69
54.15
54.65
55.20
55.81
56.46
57.17
57.91
58.69
59.48
60.27
61.04
61.76
62.42
63.02
63.52
63.95
64.29
64.55
64.74
64.85
64.91
50.12
50.12
50.12
50.13
50.14
50.15
50.16
50.17
50.19
50.21
50.23
50.25
50.28
50.32
50.35
50.40
50.44
50.50
50.56
50.63
50.71
50.81
50.91
51.03
51.16
51.31
51.48
51.68
51.89
52.14
52.42
52.74
53.09
53.50
53.95
54.45
55.01
55.64
56.33
57.09
57.91
58.78
59.71
60.65
61.61
62.53
63.40
64.20
64.89
65.49
65.97
66.36
66.65
66.85
66.98
67.04
50.12
50.12
50.13
50.13
50.14
50.15
50.16
50.17
50.19
50.21
50.23
50.26
50.29
50.32
50.36
50.40
50.45
50.51
50.58
50.65
50.73
50.83
50.94
51.06
51.20
51.36
51.54
51.74
51.98
52.24
52.54
52.88
53.27
53.70
54.20
54.76
55.39
56.09
56.88
57.75
58.70
59.73
60.83
61.97
63.13
64.25
65.31
66.26
67.09
67.77
68.32
68.75
69.07
69.29
69.43
69.49
50.12
50.12
50.13
50.13
50.14
50.15
50.16
50.18
50.19
50.21
50.24
50.26
50.29
50.33
50.37
50.41
50.46
50.52
50.59
50.67
50.75
50.85
50.96
51.09
51.24
51.40
51.59
51.81
52.05
52.33
52.65
53.02
53.43
53.91
54.44
55.06
55.75
56.54
57.43
58.42
59.53
60.74
62.06
63.44
64.86
66.24
67.54
68.69
69.66
70.44
71.06
71.53
71.87
72.10
72.24
72.31
50.12
50.12
50.13
50.13
50.14
50.15
50.16
50.18
50.20
50.22
50.24
50.27
50.30
50.33
50.37
50.42
50.47
50.53
50.60
50.68
50.77
50.87
50.99
51.12
51.27
51.44
51.64
51.87
52.12
52.42
52.76
53.14
53.59
54.09
54.67
55.34
56.10
56.98
57.97
59.10
60.38
61.81
63.38
65.07
66.82
68.56
70.17
71.56
72.69
73.58
74.25
74.74
75.09
75.33
75.47
75.53
50.12
50.13
50.13
50.14
50.14
50.15
50.17
50.18
50.20
50.22
50.24
50.27
50.30
50.34
50.38
50.42
50.48
50.54
50.61
50.69
50.78
50.89
51.01
51.14
51.30
51.48
51.68
51.92
52.19
52.49
52.85
53.25
53.72
54.26
54.88
55.60
56.43
57.39
58.49
59.76
61.23
62.89
64.77
66.84
69.04
71.26
73.30
75.00
76.30
77.27
77.97
78.47
78.81
79.03
79.16
79.21
50.12
50.13
50.13
50.14
50.14
50.15
50.17
50.18
50.20
50.22
50.24
50.27
50.30
50.34
50.38
50.43
50.48
50.55
50.62
50.70
50.79
50.90
51.02
51.16
51.32
51.51
51.72
51.96
52.24
52.55
52.92
53.35
53.84
54.40
55.06
55.82
56.71
57.75
58.96
60.37
62.02
63.95
66.18
68.72
71.52
74.44
77.14
79.20
80.65
81.64
82.32
82.78
83.08
83.27
83.38
83.43
50.12
50.13
50.13
50.14
50.14
50.15
50.17
50.18
50.20
50.22
50.24
50.27
50.30
50.34
50.38
50.43
50.49
50.55
50.62
50.71
50.80
50.91
51.04
51.18
51.34
51.53
51.74
51.99
52.27
52.60
52.98
53.42
53.93
54.51
55.20
56.00
56.94
58.04
59.34
60.88
62.71
64.89
67.50
70.60
74.21
78.20
82.02
84.45
85.92
86.82
87.39
87.75
87.98
88.13
88.20
88.23
50.13
50.13
50.13
50.14
50.14
50.15
50.17
50.18
50.20
50.22
50.25
50.27
50.31
50.34
50.39
50.43
50.49
50.55
50.63
50.71
50.81
50.92
51.04
51.19
51.35
51.54
51.76
52.01
52.30
52.63
53.02
53.47
53.99
54.59
55.30
56.12
57.10
58.25
59.62
61.25
63.23
65.63
68.59
72.27
76.89
82.58
88.79
91.22
92.34
92.92
93.26
93.47
93.59
93.67
93.71
93.72
50.13
50.13
50.13
50.14
50.14
50.16
50.17
50.18
50.20
50.22
50.25
50.27
50.31
50.34
50.39
50.44
50.49
50.56
50.63
50.71
50.81
50.92
51.05
51.19
51.36
51.55
51.77
52.02
52.31
52.65
53.04
53.49
54.02
54.63
55.34
56.19
57.18
58.35
59.76
61.45
63.50
66.04
69.23
73.35
78.91
86.95
100.00
100.00
100.00
100.00
100.00
100.00
100.00
100.00
100.00
100.00
50.00
50.00
50.00
50.00
50.00
50.00