0 1 0.995
0 56 0.995
1 2 0.995
1 57 0.995
2 3 0.995
2 58 0.995
3 4 0.995
3 59 0.995
4 5 0.995
4 60 0.995
5 6 0.995
5 61 0.995
6 7 0.995
6 62 0.995
7 8 0.995
7 63 0.995
8 9 0.995
8 64 0.995
9 10 0.995
9 65 0.995
10 11 0.995
10 66 0.995
11 12 0.995
11 67 0.995
12 13 0.995
12 68 0.995
13 14 0.995
13 69 0.995
14 15 0.995
14 70 0.995
15 16 0.995
15 71 0.995
16 17 0.995
16 72 0.995
17 18 0.995
17 73 0.995
18 19 0.995
18 74 0.995
19 20 0.995
19 75 0.995
20 21 0.995
20 76 0.995
21 22 0.995
21 77 0.995
22 23 0.995
22 78 0.995
23 24 0.995
23 79 0.995
24 25 0.995
24 80 0.995
25 26 0.995
25 81 0.995
26 27 0.995
26 82 0.995
27 28 0.995
27 83 0.995
28 29 0.995
28 84 0.995
29 30 0.995
29 85 0.995
30 31 0.995
30 86 0.995
31 32 0.995
31 87 0.995
32 33 0.995
32 88 0.995
33 34 0.995
33 89 0.995
34 35 0.995
34 90 0.995
35 36 0.995
35 91 0.995
36 37 0.995
36 92 0.995
37 38 0.995
37 93 0.995
38 39 0.995
38 94 0.995
39 40 0.995
39 95 0.995
40 41 0.995
40 96 0.995
41 42 0.995
41 97 0.995
42 43 0.995
42 98 0.995
43 44 0.995
43 99 0.995
44 45 0.995
44 100 0.995
45 46 0.995
45 101 0.995
46 47 0.995
46 102 0.995
47 48 0.995
47 103 0.995
48 49 0.995
48 104 0.995
49 50 0.995
49 105 0.995
50 51 0.995
50 106 0.995
51 52 0.995
51 107 0.995
52 53 0.995
52 108 0.995
53 54 0.995
53 109 0.995
54 55 0.995
54 110 0.995
55 111 0.995
56 57 0.995
56 112 0.995
57 58 0.995
57 113 0.995
58 59 0.995
58 114 0.995
59 60 0.995
59 115 0.995
60 61 0.995
60 116 0.995
61 62 0.995
61 117 0.995
62 63 0.995
62 118 0.995
63 64 0.995
63 119 0.995
64 65 0.995
64 120 0.995
65 66 0.995
65 121 0.995
66 67 0.995
66 122 0.995
67 68 0.995
67 123 0.995
68 69 0.995
68 124 0.995
69 70 0.995
69 125 0.995
70 71 0.995
70 126 0.995
71 72 0.995
71 127 0.995
72 73 0.995
72 128 0.995
73 74 0.995
73 129 0.995
74 75 0.995
74 130 0.995
75 76 0.995
75 131 0.995
76 77 0.995
76 132 0.995
77 78 0.995
77 133 0.995
78 79 0.995
78 134 0.995
79 80 0.995
79 135 0.995
80 81 0.995
80 136 0.995
81 82 0.995
81 137 0.995
82 83 0.995
82 138 0.995
83 84 0.995
83 139 0.995
84 85 0.995
84 140 0.995
85 86 0.995
85 141 0.995
86 87 0.995
86 142 0.995
87 88 0.995
87 143 0.995
88 89 0.995
88 144 0.995
89 90 0.995
89 145 0.995
90 91 0.995
90 146 0.995
91 92 0.995
91 147 0.995
92 93 0.995
92 148 0.995
93 94 0.995
93 149 0.995
94 95 0.995
94 150 0.995
95 96 0.995
95 151 0.995
96 97 0.995
96 152 0.995
97 98 0.995
97 153 0.995
98 99 0.995
98 154 0.995
99 100 0.995
99 155 0.995
100 101 0.995
100 156 0.995
101 102 0.995
101 157 0.995
102 103 0.995
102 158 0.995
103 104 0.995
103 159 0.995
104 105 0.995
104 160 0.995
105 106 0.995
105 161 0.995
106 107 0.995
106 162 0.995
107 108 0.995
107 163 0.995
108 109 0.995
108 164 0.995
109 110 0.995
109 165 0.995
110 111 0.995
110 166 0.995
111 167 0.995
112 113 0.995
112 168 0.995
113 114 0.995
113 169 0.995
114 115 0.995
114 170 0.995
115 116 0.995
115 171 0.995
116 117 0.995
116 172 0.995
117 118 0.995
117 173 0.995
118 119 0.995
118 174 0.995
119 120 0.995
119 175 0.995
120 121 0.995
120 176 0.995
121 122 0.995
121 177 0.995
122 123 0.995
122 178 0.995
123 124 0.995
123 179 0.995
124 125 0.995
124 180 0.995
125 126 0.995
125 181 0.995
126 127 0.995
126 182 0.995
127 128 0.995
127 183 0.995
128 129 0.995
128 184 0.995
129 130 0.995
129 185 0.995
130 131 0.995
130 186 0.995
131 132 0.995
131 187 0.995
132 133 0.995
132 188 0.995
133 134 0.995
133 189 0.995
134 135 0.995
134 190 0.995
135 136 0.995
135 191 0.995
136 137 0.995
136 192 0.995
137 138 0.995
137 193 0.995
138 139 0.995
138 194 0.995
139 140 0.995
139 195 0.995
140 141 0.995
140 196 0.995
141 142 0.995
141 197 0.995
142 143 0.995
142 198 0.995
143 144 0.995
143 199 0.995
144 145 0.995
144 200 0.995
145 146 0.995
145 201 0.995
146 147 0.995
146 202 0.995
147 148 0.995
147 203 0.995
148 149 0.995
148 204 0.995
149 150 0.995
149 205 0.995
150 151 0.995
150 206 0.995
151 152 0.995
151 207 0.995
152 153 0.995
152 208 0.995
153 154 0.995
153 209 0.995
154 155 0.995
154 210 0.995
155 156 0.995
155 211 0.995
156 157 0.995
156 212 0.995
157 158 0.995
157 213 0.995
158 159 0.995
158 214 0.995
159 160 0.995
159 215 0.995
160 161 0.995
160 216 0.995
161 162 0.995
161 217 0.995
162 163 0.995
162 218 0.995
163 164 0.995
163 219 0.995
164 165 0.995
164 220 0.995
165 166 0.995
165 221 0.995
166 167 0.995
166 222 0.995
167 223 0.995
168 169 0.995
168 224 0.995
169 170 0.995
169 225 0.995
170 171 0.995
170 226 0.995
171 172 0.995
171 227 0.995
172 173 0.995
172 228 0.995
173 174 0.995
173 229 0.995
174 175 0.995
174 230 0.995
175 176 0.995
175 231 0.995
176 177 0.995
176 232 0.995
177 178 0.995
177 233 0.995
178 179 0.995
178 234 0.995
179 180 0.995
179 235 0.995
180 181 0.995
180 236 0.995
181 182 0.995
181 237 0.995
182 183 0.995
182 238 0.995
183 184 0.995
183 239 0.995
184 185 0.995
184 240 0.995
185 186 0.995
185 241 0.995
186 187 0.995
186 242 0.995
187 188 0.995
187 243 0.995
188 189 0.995
188 244 0.995
189 190 0.995
189 245 0.995
190 191 0.995
190 246 0.995
191 192 0.995
191 247 0.995
192 193 0.995
192 248 0.995
193 194 0.995
193 249 0.995
194 195 0.995
194 250 0.995
195 196 0.995
195 251 0.995
196 197 0.995
196 252 0.995
197 198 0.995
197 253 0.995
198 199 0.995
198 254 0.995
199 200 0.995
199 255 0.995
200 201 0.995
200 256 0.995
201 202 0.995
201 257 0.995
202 203 0.995
202 258 0.995
203 204 0.995
203 259 0.995
204 205 0.995
204 260 0.995
205 206 0.995
205 261 0.995
206 207 0.995
206 262 0.995
207 208 0.995
207 263 0.995
208 209 0.995
208 264 0.995
209 210 0.995
209 265 0.995
210 211 0.995
210 266 0.995
211 212 0.995
211 267 0.995
212 213 0.995
212 268 0.995
213 214 0.995
213 269 0.995
214 215 0.995
214 270 0.995
215 216 0.995
215 271 0.995
216 217 0.995
216 272 0.995
217 218 0.995
217 273 0.995
218 219 0.995
218 274 0.995
219 220 0.995
219 275 0.995
220 221 0.995
220 276 0.995
221 222 0.995
221 277 0.995
222 223 0.995
222 278 0.995
223 279 0.995
224 225 0.995
224 280 0.995
225 226 0.995
225 281 0.995
226 227 0.995
226 282 0.995
227 228 0.995
227 283 0.995
228 229 0.995
228 284 0.995
229 230 0.995
229 285 0.995
230 231 0.995
230 286 0.995
231 232 0.995
231 287 0.995
232 233 0.995
232 288 0.995
233 234 0.995
233 289 0.995
234 235 0.995
234 290 0.995
235 236 0.995
235 291 0.995
236 237 0.995
236 292 0.995
237 238 0.995
237 293 0.995
238 239 0.995
238 294 0.995
239 240 0.995
239 295 0.995
240 241 0.995
240 296 0.995
241 242 0.995
241 297 0.995
242 243 0.995
242 298 0.995
243 244 0.995
243 299 0.995
244 245 0.995
244 300 0.995
245 246 0.995
245 301 0.995
246 247 0.995
246 302 0.995
247 248 0.995
247 303 0.995
248 249 0.995
248 304 0.995
249 250 0.995
249 305 0.995
250 251 0.995
250 306 0.995
251 252 0.995
251 307 0.995
252 253 0.995
252 308 0.995
253 254 0.995
253 309 0.995
254 255 0.995
254 310 0.995
255 256 0.995
255 311 0.995
256 257 0.995
256 312 0.995
257 258 0.995
257 313 0.995
258 259 0.995
258 314 0.995
259 260 0.995
259 315 0.995
260 261 0.995
260 316 0.995
261 262 0.995
261 317 0.995
262 263 0.995
262 318 0.995
263 264 0.995
263 319 0.995
264 265 0.995
264 320 0.995
265 266 0.995
265 321 0.995
266 267 0.995
266 322 0.995
267 268 0.995
267 323 0.995
268 269 0.995
268 324 0.995
269 270 0.995
269 325 0.995
270 271 0.995
270 326 0.995
271 272 0.995
271 327 0.995
272 273 0.995
272 328 0.995
273 274 0.995
273 329 0.995
274 275 0.995
274 330 0.995
275 276 0.995
275 331 0.995
276 277 0.995
276 332 0.995
277 278 0.995
277 333 0.995
278 279 0.995
278 334 0.995
279 335 0.995
280 281 0.995
280 336 0.995
281 282 0.995
281 337 0.995
282 283 0.995
282 338 0.995
283 284 0.995
283 339 0.995
284 285 0.995
284 340 0.995
285 286 0.995
285 341 0.995
286 287 0.995
286 342 0.995
287 288 0.995
287 343 0.995
288 289 0.995
288 344 0.995
289 290 0.995
289 345 0.995
290 291 0.995
290 346 0.995
291 292 0.995
291 347 0.995
292 293 0.995
292 348 0.995
293 294 0.995
293 349 0.995
294 295 0.995
294 350 0.995
295 296 0.995
295 351 0.995
296 297 0.995
296 352 0.995
297 298 0.995
297 353 0.995
298 299 0.995
298 354 0.995
299 300 0.995
299 355 0.995
300 301 0.995
300 356 0.995
301 302 0.995
301 357 0.995
302 303 0.995
302 358 0.995
303 304 0.995
303 359 0.995
304 305 0.995
304 360 0.995
305 306 0.995
305 361 0.995
306 307 0.995
306 362 0.995
307 308 0.995
307 363 0.995
308 309 0.995
308 364 0.995
309 310 0.995
309 365 0.995
310 311 0.995
310 366 0.995
311 312 0.995
311 367 0.995
312 313 0.995
312 368 0.995
313 314 0.995
313 369 0.995
314 315 0.995
314 370 0.995
315 316 0.995
315 371 0.995
316 317 0.995
316 372 0.995
317 318 0.995
317 373 0.995
318 319 0.995
318 374 0.995
319 320 0.995
319 375 0.995
320 321 0.995
320 376 0.995
321 322 0.995
321 377 0.995
322 323 0.995
322 378 0.995
323 324 0.995
323 379 0.995
324 325 0.995
324 380 0.995
325 326 0.995
325 381 0.995
326 327 0.995
326 382 0.995
327 328 0.995
327 383 0.995
328 329 0.995
328 384 0.995
329 330 0.995
329 385 0.995
330 331 0.995
330 386 0.995
331 332 0.995
331 387 0.995
332 333 0.995
332 388 0.995
333 334 0.995
333 389 0.995
334 335 0.995
334 390 0.995
335 391 0.995
336 337 0.995
336 392 0.995
337 338 0.995
337 393 0.995
338 339 0.995
338 394 0.995
339 340 0.995
339 395 0.995
340 341 0.995
340 396 0.995
341 342 0.995
341 397 0.995
342 343 0.995
342 398 0.995
343 344 0.995
343 399 0.995
344 345 0.995
344 400 0.995
345 346 0.995
345 401 0.995
346 347 0.995
346 402 0.995
347 348 0.995
347 403 0.995
348 349 0.995
348 404 0.995
349 350 0.995
349 405 0.995
350 351 0.995
350 406 0.995
351 352 0.995
351 407 0.995
352 353 0.995
352 408 0.995
353 354 0.995
353 409 0.995
354 355 0.995
354 410 0.995
355 356 0.995
355 411 0.995
356 357 0.995
356 412 0.995
357 358 0.995
357 413 0.995
358 359 0.995
358 414 0.995
359 360 0.995
359 415 0.995
360 361 0.995
360 416 0.995
361 362 0.995
361 417 0.995
362 363 0.995
362 418 0.995
363 364 0.995
363 419 0.995
364 365 0.995
364 420 0.995
365 366 0.995
365 421 0.995
366 367 0.995
366 422 0.995
367 368 0.995
367 423 0.995
368 369 0.995
368 424 0.995
369 370 0.995
369 425 0.995
370 371 0.995
370 426 0.995
371 372 0.995
371 427 0.995
372 373 0.995
372 428 0.995
373 374 0.995
373 429 0.995
374 375 0.995
374 430 0.995
375 376 0.995
375 431 0.995
376 377 0.995
376 432 0.995
377 378 0.995
377 433 0.995
378 379 0.995
378 434 0.995
379 380 0.995
379 435 0.995
380 381 0.995
380 436 0.995
381 382 0.995
381 437 0.995
382 383 0.995
382 438 0.995
383 384 0.995
383 439 0.995
384 385 0.995
384 440 0.995
385 386 0.995
385 441 0.995
386 387 0.995
386 442 0.995
387 388 0.995
387 443 0.995
388 389 0.995
388 444 0.995
389 390 0.995
389 445 0.995
390 391 0.995
390 446 0.995
391 447 0.995
392 393 0.995
392 448 0.995
393 394 0.995
393 449 0.995
394 395 0.995
394 450 0.995
395 396 0.995
395 451 0.995
396 397 0.995
396 452 0.995
397 398 0.995
397 453 0.995
398 399 0.995
398 454 0.995
399 400 0.995
399 455 0.995
400 401 0.995
400 456 0.995
401 402 0.995
401 457 0.995
402 403 0.995
402 458 0.995
403 404 0.995
403 459 0.995
404 405 0.995
404 460 0.995
405 406 0.995
405 461 0.995
406 407 0.995
406 462 0.995
407 408 0.995
407 463 0.995
408 409 0.995
408 464 0.995
409 410 0.995
409 465 0.995
410 411 0.995
410 466 0.995
411 412 0.995
411 467 0.995
412 413 0.995
412 468 0.995
413 414 0.995
413 469 0.995
414 415 0.995
414 470 0.995
415 416 0.995
415 471 0.995
416 417 0.995
416 472 0.995
417 418 0.995
417 473 0.995
418 419 0.995
418 474 0.995
419 420 0.995
419 475 0.995
420 421 0.995
420 476 0.995
421 422 0.995
421 477 0.995
422 423 0.995
422 478 0.995
423 424 0.995
423 479 0.995
424 425 0.995
424 480 0.995
425 426 0.995
425 481 0.995
426 427 0.995
426 482 0.995
427 428 0.995
427 483 0.995
428 429 0.995
428 484 0.995
429 430 0.995
429 485 0.995
430 431 0.995
430 486 0.995
431 432 0.995
431 487 0.995
432 433 0.995
432 488 0.995
433 434 0.995
433 489 0.995
434 435 0.995
434 490 0.995
435 436 0.995
435 491 0.995
436 437 0.995
436 492 0.995
437 438 0.995
437 493 0.995
438 439 0.995
438 494 0.995
439 440 0.995
439 495 0.995
440 441 0.995
440 496 0.995
441 442 0.995
441 497 0.995
442 443 0.995
442 498 0.995
443 444 0.995
443 499 0.995
444 445 0.995
444 500 0.995
445 446 0.995
445 501 0.995
446 447 0.995
446 502 0.995
447 503 0.995
448 449 0.995
448 504 0.995
449 450 0.995
449 505 0.995
450 451 0.995
450 506 0.995
451 452 0.995
451 507 0.995
452 453 0.995
452 508 0.995
453 454 0.995
453 509 0.995
454 455 0.995
454 510 0.995
455 456 0.995
455 511 0.995
456 457 0.995
456 512 0.995
457 458 0.995
457 513 0.995
458 459 0.995
458 514 0.995
459 460 0.995
459 515 0.995
460 461 0.995
460 516 0.995
461 462 0.995
461 517 0.995
462 463 0.995
462 518 0.995
463 464 0.995
463 519 0.995
464 465 0.995
464 520 0.995
465 466 0.995
465 521 0.995
466 467 0.995
466 522 0.995
467 468 0.995
467 523 0.995
468 469 0.995
468 524 0.995
469 470 0.995
469 525 0.995
470 471 0.995
470 526 0.995
471 472 0.995
471 527 0.995
472 473 0.995
472 528 0.995
473 474 0.995
473 529 0.995
474 475 0.995
474 530 0.995
475 476 0.995
475 531 0.995
476 477 0.995
476 532 0.995
477 478 0.995
477 533 0.995
478 479 0.995
478 534 0.995
479 480 0.995
479 535 0.995
480 481 0.995
480 536 0.995
481 482 0.995
481 537 0.995
482 483 0.995
482 538 0.995
483 484 0.995
483 539 0.995
484 485 0.995
484 540 0.995
485 486 0.995
485 541 0.995
486 487 0.995
486 542 0.995
487 488 0.995
487 543 0.995
488 489 0.995
488 544 0.995
489 490 0.995
489 545 0.995
490 491 0.995
490 546 0.995
491 492 0.995
491 547 0.995
492 493 0.995
492 548 0.995
493 494 0.995
493 549 0.995
494 495 0.995
494 550 0.995
495 496 0.995
495 551 0.995
496 497 0.995
496 552 0.995
497 498 0.995
497 553 0.995
498 499 0.995
498 554 0.995
499 500 0.995
499 555 0.995
500 501 0.995
500 556 0.995
501 502 0.995
501 557 0.995
502 503 0.995
502 558 0.995
503 559 0.995
504 505 0.995
504 560 0.995
505 506 0.995
505 561 0.995
506 507 0.995
506 562 0.995
507 508 0.995
507 563 0.995
508 509 0.995
508 564 0.995
509 510 0.995
509 565 0.995
510 511 0.995
510 566 0.995
511 512 0.995
511 567 0.995
512 513 0.995
512 568 0.995
513 514 0.995
513 569 0.995
514 515 0.995
514 570 0.995
515 516 0.995
515 571 0.995
516 517 0.995
516 572 0.995
517 518 0.995
517 573 0.995
518 519 0.995
518 574 0.995
519 520 0.995
519 575 0.995
520 521 0.995
520 576 0.995
521 522 0.995
521 577 0.995
522 523 0.995
522 578 0.995
523 524 0.995
523 579 0.995
524 525 0.995
524 580 0.995
525 526 0.995
525 581 0.995
526 527 0.995
526 582 0.995
527 528 0.995
527 583 0.995
528 529 0.995
528 584 0.995
529 530 0.995
529 585 0.995
530 531 0.995
530 586 0.995
531 532 0.995
531 587 0.995
532 533 0.995
532 588 0.995
533 534 0.995
533 589 0.995
534 535 0.995
534 590 0.995
535 536 0.995
535 591 0.995
536 537 0.995
536 592 0.995
537 538 0.995
537 593 0.995
538 539 0.995
538 594 0.995
539 540 0.995
539 595 0.995
540 541 0.995
540 596 0.995
541 542 0.995
541 597 0.995
542 543 0.995
542 598 0.995
543 544 0.995
543 599 0.995
544 545 0.995
544 600 0.995
545 546 0.995
545 601 0.995
546 547 0.995
546 602 0.995
547 548 0.995
547 603 0.995
548 549 0.995
548 604 0.995
549 550 0.995
549 605 0.995
550 551 0.995
550 606 0.995
551 552 0.995
551 607 0.995
552 553 0.995
552 608 0.995
553 554 0.995
553 609 0.995
554 555 0.995
554 610 0.995
555 556 0.995
555 611 0.995
556 557 0.995
556 612 0.995
557 558 0.995
557 613 0.995
558 559 0.995
558 614 0.995
559 615 0.995
560 561 0.995
560 616 0.995
561 562 0.995
561 617 0.995
562 563 0.995
562 618 0.995
563 564 0.995
563 619 0.995
564 565 0.995
564 620 0.995
565 566 0.995
565 621 0.995
566 567 0.995
566 622 0.995
567 568 0.995
567 623 0.995
568 569 0.995
568 624 0.995
569 570 0.995
569 625 0.995
570 571 0.995
570 626 0.995
571 572 0.995
571 627 0.995
572 573 0.995
572 628 0.995
573 574 0.995
573 629 0.995
574 575 0.995
574 630 0.995
575 576 0.995
575 631 0.995
576 577 0.995
576 632 0.995
577 578 0.995
577 633 0.995
578 579 0.995
578 634 0.995
579 580 0.995
579 635 0.995
580 581 0.995
580 636 0.995
581 582 0.995
581 637 0.995
582 583 0.995
582 638 0.995
583 584 0.995
583 639 0.995
584 585 0.995
584 640 0.995
585 586 0.995
585 641 0.995
586 587 0.995
586 642 0.995
587 588 0.995
587 643 0.995
588 589 0.995
588 644 0.995
589 590 0.995
589 645 0.995
590 591 0.995
590 646 0.995
591 592 0.995
591 647 0.995
592 593 0.995
592 648 0.995
593 594 0.995
593 649 0.995
594 595 0.995
594 650 0.995
595 596 0.995
595 651 0.995
596 597 0.995
596 652 0.995
597 598 0.995
597 653 0.995
598 599 0.995
598 654 0.995
599 600 0.995
599 655 0.995
600 601 0.995
600 656 0.995
601 602 0.995
601 657 0.995
602 603 0.995
602 658 0.995
603 604 0.995
603 659 0.995
604 605 0.995
604 660 0.995
605 606 0.995
605 661 0.995
606 607 0.995
606 662 0.995
607 608 0.995
607 663 0.995
608 609 0.995
608 664 0.995
609 610 0.995
609 665 0.995
610 611 0.995
610 666 0.995
611 612 0.995
611 667 0.995
612 613 0.995
612 668 0.995
613 614 0.995
613 669 0.995
614 615 0.995
614 670 0.995
615 671 0.995
616 617 0.995
616 672 0.995
617 618 0.995
617 673 0.995
618 619 0.995
618 674 0.995
619 620 0.995
619 675 0.995
620 621 0.995
620 676 0.995
621 622 0.995
621 677 0.995
622 623 0.995
622 678 0.995
623 624 0.995
623 679 0.995
624 625 0.995
624 680 0.995
625 626 0.995
625 681 0.995
626 627 0.995
626 682 0.995
627 628 0.995
627 683 0.995
628 629 0.995
628 684 0.995
629 630 0.995
629 685 0.995
630 631 0.995
630 686 0.995
631 632 0.995
631 687 0.995
632 633 0.995
632 688 0.995
633 634 0.995
633 689 0.995
634 635 0.995
634 690 0.995
635 636 0.995
635 691 0.995
636 637 0.995
636 692 0.995
637 638 0.995
637 693 0.995
638 639 0.995
638 694 0.995
639 640 0.995
639 695 0.995
640 641 0.995
640 696 0.995
641 642 0.995
641 697 0.995
642 643 0.995
642 698 0.995
643 644 0.995
643 699 0.995
644 645 0.995
644 700 0.995
645 646 0.995
645 701 0.995
646 647 0.995
646 702 0.995
647 648 0.995
647 703 0.995
648 649 0.995
648 704 0.995
649 650 0.995
649 705 0.995
650 651 0.995
650 706 0.995
651 652 0.995
651 707 0.995
652 653 0.995
652 708 0.995
653 654 0.995
653 709 0.995
654 655 0.995
654 710 0.995
655 656 0.995
655 711 0.995
656 657 0.995
656 712 0.995
657 658 0.995
657 713 0.995
658 659 0.995
658 714 0.995
659 660 0.995
659 715 0.995
660 661 0.995
660 716 0.995
661 662 0.995
661 717 0.995
662 663 0.995
662 718 0.995
663 664 0.995
663 719 0.995
664 665 0.995
664 720 0.995
665 666 0.995
665 721 0.995
666 667 0.995
666 722 0.995
667 668 0.995
667 723 0.995
668 669 0.995
668 724 0.995
669 670 0.995
669 725 0.995
670 671 0.995
670 726 0.995
671 727 0.995
672 673 0.995
672 728 0.995
673 674 0.995
673 729 0.995
674 675 0.995
674 730 0.995
675 676 0.995
675 731 0.995
676 677 0.995
676 732 0.995
677 678 0.995
677 733 0.995
678 679 0.995
678 734 0.995
679 680 0.995
679 735 0.995
680 681 0.995
680 736 0.995
681 682 0.995
681 737 0.995
682 683 0.995
682 738 0.995
683 684 0.995
683 739 0.995
684 685 0.995
684 740 0.995
685 686 0.995
685 741 0.995
686 687 0.995
686 742 0.995
687 688 0.995
687 743 0.995
688 689 0.995
688 744 0.995
689 690 0.995
689 745 0.995
690 691 0.995
690 746 0.995
691 692 0.995
691 747 0.995
692 693 0.995
692 748 0.995
693 694 0.995
693 749 0.995
694 695 0.995
694 750 0.995
695 696 0.995
695 751 0.995
696 697 0.995
696 752 0.995
697 698 0.995
697 753 0.995
698 699 0.995
698 754 0.995
699 700 0.995
699 755 0.995
700 701 0.995
700 756 0.995
701 702 0.995
701 757 0.995
702 703 0.995
702 758 0.995
703 704 0.995
703 759 0.995
704 705 0.995
704 760 0.995
705 706 0.995
705 761 0.995
706 707 0.995
706 762 0.995
707 708 0.995
707 763 0.995
708 709 0.995
708 764 0.995
709 710 0.995
709 765 0.995
710 711 0.995
710 766 0.995
711 712 0.995
711 767 0.995
712 713 0.995
712 768 0.995
713 714 0.995
713 769 0.995
714 715 0.995
714 770 0.995
715 716 0.995
715 771 0.995
716 717 0.995
716 772 0.995
717 718 0.995
717 773 0.995
718 719 0.995
718 774 0.995
719 720 0.995
719 775 0.995
720 721 0.995
720 776 0.995
721 722 0.995
721 777 0.995
722 723 0.995
722 778 0.995
723 724 0.995
723 779 0.995
724 725 0.995
724 780 0.995
725 726 0.995
725 781 0.995
726 727 0.995
726 782 0.995
727 783 0.995
728 729 0.995
728 784 0.995
729 730 0.995
729 785 0.995
730 731 0.995
730 786 0.995
731 732 0.995
731 787 0.995
732 733 0.995
732 788 0.995
733 734 0.995
733 789 0.995
734 735 0.995
734 790 0.995
735 736 0.995
735 791 0.995
736 737 0.995
736 792 0.995
737 738 0.995
737 793 0.995
738 739 0.995
738 794 0.995
739 740 0.995
739 795 0.995
740 741 0.995
740 796 0.995
741 742 0.995
741 797 0.995
742 743 0.995
742 798 0.995
743 744 0.995
743 799 0.995
744 745 0.995
744 800 0.995
745 746 0.995
745 801 0.995
746 747 0.995
746 802 0.995
747 748 0.995
747 803 0.995
748 749 0.995
748 804 0.995
749 750 0.995
749 805 0.995
750 751 0.995
750 806 0.995
751 752 0.995
751 807 0.995
752 753 0.995
752 808 0.995
753 754 0.995
753 809 0.995
754 755 0.995
754 810 0.995
755 756 0.995
755 811 0.995
756 757 0.995
756 812 0.995
757 758 0.995
757 813 0.995
758 759 0.995
758 814 0.995
759 760 0.995
759 815 0.995
760 761 0.995
760 816 0.995
761 762 0.995
761 817 0.995
762 763 0.995
762 818 0.995
763 764 0.995
763 819 0.995
764 765 0.995
764 820 0.995
765 766 0.995
765 821 0.995
766 767 0.995
766 822 0.995
767 768 0.995
767 823 0.995
768 769 0.995
768 824 0.995
769 770 0.995
769 825 0.995
770 771 0.995
770 826 0.995
771 772 0.995
771 827 0.995
772 773 0.995
772 828 0.995
773 774 0.995
773 829 0.995
774 775 0.995
774 830 0.995
775 776 0.995
775 831 0.995
776 777 0.995
776 832 0.995
777 778 0.995
777 833 0.995
778 779 0.995
778 834 0.995
779 780 0.995
779 835 0.995
780 781 0.995
780 836 0.995
781 782 0.995
781 837 0.995
782 783 0.995
782 838 0.995
783 839 0.995
784 785 0.995
784 840 0.995
785 786 0.995
785 841 0.995
786 787 0.995
786 842 0.995
787 788 0.995
787 843 0.995
788 789 0.995
788 844 0.995
789 790 0.995
789 845 0.995
790 791 0.995
790 846 0.995
791 792 0.995
791 847 0.995
792 793 0.995
792 848 0.995
793 794 0.995
793 849 0.995
794 795 0.995
794 850 0.995
795 796 0.995
795 851 0.995
796 797 0.995
796 852 0.995
797 798 0.995
797 853 0.995
798 799 0.995
798 854 0.995
799 800 0.995
799 855 0.995
800 801 0.995
800 856 0.995
801 802 0.995
801 857 0.995
802 803 0.995
802 858 0.995
803 804 0.995
803 859 0.995
804 805 0.995
804 860 0.995
805 806 0.995
805 861 0.995
806 807 0.995
806 862 0.995
807 808 0.995
807 863 0.995
808 809 0.995
808 864 0.995
809 810 0.995
809 865 0.995
810 811 0.995
810 866 0.995
811 812 0.995
811 867 0.995
812 813 0.995
812 868 0.995
813 814 0.995
813 869 0.995
814 815 0.995
814 870 0.995
815 816 0.995
815 871 0.995
816 817 0.995
816 872 0.995
817 818 0.995
817 873 0.995
818 819 0.995
818 874 0.995
819 820 0.995
819 875 0.995
820 821 0.995
820 876 0.995
821 822 0.995
821 877 0.995
822 823 0.995
822 878 0.995
823 824 0.995
823 879 0.995
824 825 0.995
824 880 0.995
825 826 0.995
825 881 0.995
826 827 0.995
826 882 0.995
827 828 0.995
827 883 0.995
828 829 0.995
828 884 0.995
829 830 0.995
829 885 0.995
830 831 0.995
830 886 0.995
831 832 0.995
831 887 0.995
832 833 0.995
832 888 0.995
833 834 0.995
833 889 0.995
834 835 0.995
834 890 0.995
835 836 0.995
835 891 0.995
836 837 0.995
836 892 0.995
837 838 0.995
837 893 0.995
838 839 0.995
838 894 0.995
839 895 0.995
840 841 0.995
840 896 0.995
841 842 0.995
841 897 0.995
842 843 0.995
842 898 0.995
843 844 0.995
843 899 0.995
844 845 0.995
844 900 0.995
845 846 0.995
845 901 0.995
846 847 0.995
846 902 0.995
847 848 0.995
847 903 0.995
848 849 0.995
848 904 0.995
849 850 0.995
849 905 0.995
850 851 0.995
850 906 0.995
851 852 0.995
851 907 0.995
852 853 0.995
852 908 0.995
853 854 0.995
853 909 0.995
854 855 0.995
854 910 0.995
855 856 0.995
855 911 0.995
856 857 0.995
856 912 0.995
857 858 0.995
857 913 0.995
858 859 0.995
858 914 0.995
859 860 0.995
859 915 0.995
860 861 0.995
860 916 0.995
861 862 0.995
861 917 0.995
862 863 0.995
862 918 0.995
863 864 0.995
863 919 0.995
864 865 0.995
864 920 0.995
865 866 0.995
865 921 0.995
866 867 0.995
866 922 0.995
867 868 0.995
867 923 0.995
868 869 0.995
868 924 0.995
869 870 0.995
869 925 0.995
870 871 0.995
870 926 0.995
871 872 0.995
871 927 0.995
872 873 0.995
872 928 0.995
873 874 0.995
873 929 0.995
874 875 0.995
874 930 0.995
875 876 0.995
875 931 0.995
876 877 0.995
876 932 0.995
877 878 0.995
877 933 0.995
878 879 0.995
878 934 0.995
879 880 0.995
879 935 0.995
880 881 0.995
880 936 0.995
881 882 0.995
881 937 0.995
882 883 0.995
882 938 0.995
883 884 0.995
883 939 0.995
884 885 0.995
884 940 0.995
885 886 0.995
885 941 0.995
886 887 0.995
886 942 0.995
887 888 0.995
887 943 0.995
888 889 0.995
888 944 0.995
889 890 0.995
889 945 0.995
890 891 0.995
890 946 0.995
891 892 0.995
891 947 0.995
892 893 0.995
892 948 0.995
893 894 0.995
893 949 0.995
894 895 0.995
894 950 0.995
895 951 0.995
896 897 0.995
896 952 0.995
897 898 0.995
897 953 0.995
898 899 0.995
898 954 0.995
899 900 0.995
899 955 0.995
900 901 0.995
900 956 0.995
901 902 0.995
901 957 0.995
902 903 0.995
902 958 0.995
903 904 0.995
903 959 0.995
904 905 0.995
904 960 0.995
905 906 0.995
905 961 0.995
906 907 0.995
906 962 0.995
907 908 0.995
907 963 0.995
908 909 0.995
908 964 0.995
909 910 0.995
909 965 0.995
910 911 0.995
910 966 0.995
911 912 0.995
911 967 0.995
912 913 0.995
912 968 0.995
913 914 0.995
913 969 0.995
914 915 0.995
914 970 0.995
915 916 0.995
915 971 0.995
916 917 0.995
916 972 0.995
917 918 0.995
917 973 0.995
918 919 0.995
918 974 0.995
919 920 0.995
919 975 0.995
920 921 0.995
920 976 0.995
921 922 0.995
921 977 0.995
922 923 0.995
922 978 0.995
923 924 0.995
923 979 0.995
924 925 0.995
924 980 0.995
925 926 0.995
925 981 0.995
926 927 0.995
926 982 0.995
927 928 0.995
927 983 0.995
928 929 0.995
928 984 0.995
929 930 0.995
929 985 0.995
930 931 0.995
930 986 0.995
931 932 0.995
931 987 0.995
932 933 0.995
932 988 0.995
933 934 0.995
933 989 0.995
934 935 0.995
934 990 0.995
935 936 0.995
935 991 0.995
936 937 0.995
936 992 0.995
937 938 0.995
937 993 0.995
938 939 0.995
938 994 0.995
939 940 0.995
939 995 0.995
940 941 0.995
940 996 0.995
941 942 0.995
941 997 0.995
942 943 0.995
942 998 0.995
943 944 0.995
943 999 0.995
944 945 0.995
944 1000 0.995
945 946 0.995
945 1001 0.995
946 947 0.995
946 1002 0.995
947 948 0.995
947 1003 0.995
948 949 0.995
948 1004 0.995
949 950 0.995
949 1005 0.995
950 951 0.995
950 1006 0.995
951 1007 0.995
952 953 0.995
952 1008 0.995
953 954 0.995
953 1009 0.995
954 955 0.995
954 1010 0.995
955 956 0.995
955 1011 0.995
956 957 0.995
956 1012 0.995
957 958 0.995
957 1013 0.995
958 959 0.995
958 1014 0.995
959 960 0.995
959 1015 0.995
960 961 0.995
960 1016 0.995
961 962 0.995
961 1017 0.995
962 963 0.995
962 1018 0.995
963 964 0.995
963 1019 0.995
964 965 0.995
964 1020 0.995
965 966 0.995
965 1021 0.995
966 967 0.995
966 1022 0.995
967 968 0.995
967 1023 0.995
968 969 0.995
968 1024 0.995
969 970 0.995
969 1025 0.995
970 971 0.995
970 1026 0.995
971 972 0.995
971 1027 0.995
972 973 0.995
972 1028 0.995
973 974 0.995
973 1029 0.995
974 975 0.995
974 1030 0.995
975 976 0.995
975 1031 0.995
976 977 0.995
976 1032 0.995
977 978 0.995
977 1033 0.995
978 979 0.995
978 1034 0.995
979 980 0.995
979 1035 0.995
980 981 0.995
980 1036 0.995
981 982 0.995
981 1037 0.995
982 983 0.995
982 1038 0.995
983 984 0.995
983 1039 0.995
984 985 0.995
984 1040 0.995
985 986 0.995
985 1041 0.995
986 987 0.995
986 1042 0.995
987 988 0.995
987 1043 0.995
988 989 0.995
988 1044 0.995
989 990 0.995
989 1045 0.995
990 991 0.995
990 1046 0.995
991 992 0.995
991 1047 0.995
992 993 0.995
992 1048 0.995
993 994 0.995
993 1049 0.995
994 995 0.995
994 1050 0.995
995 996 0.995
995 1051 0.995
996 997 0.995
996 1052 0.995
997 998 0.995
997 1053 0.995
998 999 0.995
998 1054 0.995
999 1000 0.995
999 1055 0.995
1000 1001 0.995
1000 1056 0.995
1001 1002 0.995
1001 1057 0.995
1002 1003 0.995
1002 1058 0.995
1003 1004 0.995
1003 1059 0.995
1004 1005 0.995
1004 1060 0.995
1005 1006 0.995
1005 1061 0.995
1006 1007 0.995
1006 1062 0.995
1007 1063 0.995
1008 1009 0.995
1008 1064 0.995
1009 1010 0.995
1009 1065 0.995
1010 1011 0.995
1010 1066 0.995
1011 1012 0.995
1011 1067 0.995
1012 1013 0.995
1012 1068 0.995
1013 1014 0.995
1013 1069 0.995
1014 1015 0.995
1014 1070 0.995
1015 1016 0.995
1015 1071 0.995
1016 1017 0.995
1016 1072 0.995
1017 1018 0.995
1017 1073 0.995
1018 1019 0.995
1018 1074 0.995
1019 1020 0.995
1019 1075 0.995
1020 1021 0.995
1020 1076 0.995
1021 1022 0.995
1021 1077 0.995
1022 1023 0.995
1022 1078 0.995
1023 1024 0.995
1023 1079 0.995
1024 1025 0.995
1024 1080 0.995
1025 1026 0.995
1025 1081 0.995
1026 1027 0.995
1026 1082 0.995
1027 1028 0.995
1027 1083 0.995
1028 1029 0.995
1028 1084 0.995
1029 1030 0.995
1029 1085 0.995
1030 1031 0.995
1030 1086 0.995
1031 1032 0.995
1031 1087 0.995
1032 1033 0.995
1032 1088 0.995
1033 1034 0.995
1033 1089 0.995
1034 1035 0.995
1034 1090 0.995
1035 1036 0.995
1035 1091 0.995
1036 1037 0.995
1036 1092 0.995
1037 1038 0.995
1037 1093 0.995
1038 1039 0.995
1038 1094 0.995
1039 1040 0.995
1039 1095 0.995
1040 1041 0.995
1040 1096 0.995
1041 1042 0.995
1041 1097 0.995
1042 1043 0.995
1042 1098 0.995
1043 1044 0.995
1043 1099 0.995
1044 1045 0.995
1044 1100 0.995
1045 1046 0.995
1045 1101 0.995
1046 1047 0.995
1046 1102 0.995
1047 1048 0.995
1047 1103 0.995
1048 1049 0.995
1048 1104 0.995
1049 1050 0.995
1049 1105 0.995
1050 1051 0.995
1050 1106 0.995
1051 1052 0.995
1051 1107 0.995
1052 1053 0.995
1052 1108 0.995
1053 1054 0.995
1053 1109 0.995
1054 1055 0.995
1054 1110 0.995
1055 1056 0.995
1055 1111 0.995
1056 1057 0.995
1056 1112 0.995
1057 1058 0.995
1057 1113 0.995
1058 1059 0.995
1058 1114 0.995
1059 1060 0.995
1059 1115 0.995
1060 1061 0.995
1060 1116 0.995
1061 1062 0.995
1061 1117 0.995
1062 1063 0.995
1062 1118 0.995
1063 1119 0.995
1064 1065 0.995
1064 1120 0.995
1065 1066 0.995
1065 1121 0.995
1066 1067 0.995
1066 1122 0.995
1067 1068 0.995
1067 1123 0.995
1068 1069 0.995
1068 1124 0.995
1069 1070 0.995
1069 1125 0.995
1070 1071 0.995
1070 1126 0.995
1071 1072 0.995
1071 1127 0.995
1072 1073 0.995
1072 1128 0.995
1073 1074 0.995
1073 1129 0.995
1074 1075 0.995
1074 1130 0.995
1075 1076 0.995
1075 1131 0.995
1076 1077 0.995
1076 1132 0.995
1077 1078 0.995
1077 1133 0.995
1078 1079 0.995
1078 1134 0.995
1079 1080 0.995
1079 1135 0.995
1080 1081 0.995
1080 1136 0.995
1081 1082 0.995
1081 1137 0.995
1082 1083 0.995
1082 1138 0.995
1083 1084 0.995
1083 1139 0.995
1084 1085 0.995
1084 1140 0.995
1085 1086 0.995
1085 1141 0.995
1086 1087 0.995
1086 1142 0.995
1087 1088 0.995
1087 1143 0.995
1088 1089 0.995
1088 1144 0.995
1089 1090 0.995
1089 1145 0.995
1090 1091 0.995
1090 1146 0.995
1091 1092 0.995
1091 1147 0.995
1092 1093 0.995
1092 1148 0.995
1093 1094 0.995
1093 1149 0.995
1094 1095 0.995
1094 1150 0.995
1095 1096 0.995
1095 1151 0.995
1096 1097 0.995
1096 1152 0.995
1097 1098 0.995
1097 1153 0.995
1098 1099 0.995
1098 1154 0.995
1099 1100 0.995
1099 1155 0.995
1100 1101 0.995
1100 1156 0.995
1101 1102 0.995
1101 1157 0.995
1102 1103 0.995
1102 1158 0.995
1103 1104 0.995
1103 1159 0.995
1104 1105 0.995
1104 1160 0.995
1105 1106 0.995
1105 1161 0.995
1106 1107 0.995
1106 1162 0.995
1107 1108 0.995
1107 1163 0.995
1108 1109 0.995
1108 1164 0.995
1109 1110 0.995
1109 1165 0.995
1110 1111 0.995
1110 1166 0.995
1111 1112 0.995
1111 1167 0.995
1112 1113 0.995
1112 1168 0.995
1113 1114 0.995
1113 1169 0.995
1114 1115 0.995
1114 1170 0.995
1115 1116 0.995
1115 1171 0.995
1116 1117 0.995
1116 1172 0.995
1117 1118 0.995
1117 1173 0.995
1118 1119 0.995
1118 1174 0.995
1119 1175 0.995
1120 1121 0.995
1120 1176 0.995
1121 1122 0.995
1121 1177 0.995
1122 1123 0.995
1122 1178 0.995
1123 1124 0.995
1123 1179 0.995
1124 1125 0.995
1124 1180 0.995
1125 1126 0.995
1125 1181 0.995
1126 1127 0.995
1126 1182 0.995
1127 1128 0.995
1127 1183 0.995
1128 1129 0.995
1128 1184 0.995
1129 1130 0.995
1129 1185 0.995
1130 1131 0.995
1130 1186 0.995
1131 1132 0.995
1131 1187 0.995
1132 1133 0.995
1132 1188 0.995
1133 1134 0.995
1133 1189 0.995
1134 1135 0.995
1134 1190 0.995
1135 1136 0.995
1135 1191 0.995
1136 1137 0.995
1136 1192 0.995
1137 1138 0.995
1137 1193 0.995
1138 1139 0.995
1138 1194 0.995
1139 1140 0.995
1139 1195 0.995
1140 1141 0.995
1140 1196 0.995
1141 1142 0.995
1141 1197 0.995
1142 1143 0.995
1142 1198 0.995
1143 1144 0.995
1143 1199 0.995
1144 1145 0.995
1144 1200 0.995
1145 1146 0.995
1145 1201 0.995
1146 1147 0.995
1146 1202 0.995
1147 1148 0.995
1147 1203 0.995
1148 1149 0.995
1148 1204 0.995
1149 1150 0.995
1149 1205 0.995
1150 1151 0.995
1150 1206 0.995
1151 1152 0.995
1151 1207 0.995
1152 1153 0.995
1152 1208 0.995
1153 1154 0.995
1153 1209 0.995
1154 1155 0.995
1154 1210 0.995
1155 1156 0.995
1155 1211 0.995
1156 1157 0.995
1156 1212 0.995
1157 1158 0.995
1157 1213 0.995
1158 1159 0.995
1158 1214 0.995
1159 1160 0.995
1159 1215 0.995
1160 1161 0.995
1160 1216 0.995
1161 1162 0.995
1161 1217 0.995
1162 1163 0.995
1162 1218 0.995
1163 1164 0.995
1163 1219 0.995
1164 1165 0.995
1164 1220 0.995
1165 1166 0.995
1165 1221 0.995
1166 1167 0.995
1166 1222 0.995
1167 1168 0.995
1167 1223 0.995
1168 1169 0.995
1168 1224 0.995
1169 1170 0.995
1169 1225 0.995
1170 1171 0.995
1170 1226 0.995
1171 1172 0.995
1171 1227 0.995
1172 1173 0.995
1172 1228 0.995
1173 1174 0.995
1173 1229 0.995
1174 1175 0.995
1174 1230 0.995
1175 1231 0.995
1176 1177 0.995
1176 1232 0.995
1177 1178 0.995
1177 1233 0.995
1178 1179 0.995
1178 1234 0.995
1179 1180 0.995
1179 1235 0.995
1180 1181 0.995
1180 1236 0.995
1181 1182 0.995
1181 1237 0.995
1182 1183 0.995
1182 1238 0.995
1183 1184 0.995
1183 1239 0.995
1184 1185 0.995
1184 1240 0.995
1185 1186 0.995
1185 1241 0.995
1186 1187 0.995
1186 1242 0.995
1187 1188 0.995
1187 1243 0.995
1188 1189 0.995
1188 1244 0.995
1189 1190 0.995
1189 1245 0.995
1190 1191 0.995
1190 1246 0.995
1191 1192 0.995
1191 1247 0.995
1192 1193 0.995
1192 1248 0.995
1193 1194 0.995
1193 1249 0.995
1194 1195 0.995
1194 1250 0.995
1195 1196 0.995
1195 1251 0.995
1196 1197 0.995
1196 1252 0.995
1197 1198 0.995
1197 1253 0.995
1198 1199 0.995
1198 1254 0.995
1199 1200 0.995
1199 1255 0.995
1200 1201 0.995
1200 1256 0.995
1201 1202 0.995
1201 1257 0.995
1202 1203 0.995
1202 1258 0.995
1203 1204 0.995
1203 1259 0.995
1204 1205 0.995
1204 1260 0.995
1205 1206 0.995
1205 1261 0.995
1206 1207 0.995
1206 1262 0.995
1207 1208 0.995
1207 1263 0.995
1208 1209 0.995
1208 1264 0.995
1209 1210 0.995
1209 1265 0.995
1210 1211 0.995
1210 1266 0.995
1211 1212 0.995
1211 1267 0.995
1212 1213 0.995
1212 1268 0.995
1213 1214 0.995
1213 1269 0.995
1214 1215 0.995
1214 1270 0.995
1215 1216 0.995
1215 1271 0.995
1216 1217 0.995
1216 1272 0.995
1217 1218 0.995
1217 1273 0.995
1218 1219 0.995
1218 1274 0.995
1219 1220 0.995
1219 1275 0.995
1220 1221 0.995
1220 1276 0.995
1221 1222 0.995
1221 1277 0.995
1222 1223 0.995
1222 1278 0.995
1223 1224 0.995
1223 1279 0.995
1224 1225 0.995
1224 1280 0.995
1225 1226 0.995
1225 1281 0.995
1226 1227 0.995
1226 1282 0.995
1227 1228 0.995
1227 1283 0.995
1228 1229 0.995
1228 1284 0.995
1229 1230 0.995
1229 1285 0.995
1230 1231 0.995
1230 1286 0.995
1231 1287 0.995
1232 1233 0.995
1232 1288 0.995
1233 1234 0.995
1233 1289 0.995
1234 1235 0.995
1234 1290 0.995
1235 1236 0.995
1235 1291 0.995
1236 1237 0.995
1236 1292 0.995
1237 1238 0.995
1237 1293 0.995
1238 1239 0.995
1238 1294 0.995
1239 1240 0.995
1239 1295 0.995
1240 1241 0.995
1240 1296 0.995
1241 1242 0.995
1241 1297 0.995
1242 1243 0.995
1242 1298 0.995
1243 1244 0.995
1243 1299 0.995
1244 1245 0.995
1244 1300 0.995
1245 1246 0.995
1245 1301 0.995
1246 1247 0.995
1246 1302 0.995
1247 1248 0.995
1247 1303 0.995
1248 1249 0.995
1248 1304 0.995
1249 1250 0.995
1249 1305 0.995
1250 1251 0.995
1250 1306 0.995
1251 1252 0.995
1251 1307 0.995
1252 1253 0.995
1252 1308 0.995
1253 1254 0.995
1253 1309 0.995
1254 1255 0.995
1254 1310 0.995
1255 1256 0.995
1255 1311 0.995
1256 1257 0.995
1256 1312 0.995
1257 1258 0.995
1257 1313 0.995
1258 1259 0.995
1258 1314 0.995
1259 1260 0.995
1259 1315 0.995
1260 1261 0.995
1260 1316 0.995
1261 1262 0.995
1261 1317 0.995
1262 1263 0.995
1262 1318 0.995
1263 1264 0.995
1263 1319 0.995
1264 1265 0.995
1264 1320 0.995
1265 1266 0.995
1265 1321 0.995
1266 1267 0.995
1266 1322 0.995
1267 1268 0.995
1267 1323 0.995
1268 1269 0.995
1268 1324 0.995
1269 1270 0.995
1269 1325 0.995
1270 1271 0.995
1270 1326 0.995
1271 1272 0.995
1271 1327 0.995
1272 1273 0.995
1272 1328 0.995
1273 1274 0.995
1273 1329 0.995
1274 1275 0.995
1274 1330 0.995
1275 1276 0.995
1275 1331 0.995
1276 1277 0.995
1276 1332 0.995
1277 1278 0.995
1277 1333 0.995
1278 1279 0.995
1278 1334 0.995
1279 1280 0.995
1279 1335 0.995
1280 1281 0.995
1280 1336 0.995
1281 1282 0.995
1281 1337 0.995
1282 1283 0.995
1282 1338 0.995
1283 1284 0.995
1283 1339 0.995
1284 1285 0.995
1284 1340 0.995
1285 1286 0.995
1285 1341 0.995
1286 1287 0.995
1286 1342 0.995
1287 1343 0.995
1288 1289 0.995
1288 1344 0.995
1289 1290 0.995
1289 1345 0.995
1290 1291 0.995
1290 1346 0.995
1291 1292 0.995
1291 1347 0.995
1292 1293 0.995
1292 1348 0.995
1293 1294 0.995
1293 1349 0.995
1294 1295 0.995
1294 1350 0.995
1295 1296 0.995
1295 1351 0.995
1296 1297 0.995
1296 1352 0.995
1297 1298 0.995
1297 1353 0.995
1298 1299 0.995
1298 1354 0.995
1299 1300 0.995
1299 1355 0.995
1300 1301 0.995
1300 1356 0.995
1301 1302 0.995
1301 1357 0.995
1302 1303 0.995
1302 1358 0.995
1303 1304 0.995
1303 1359 0.995
1304 1305 0.995
1304 1360 0.995
1305 1306 0.995
1305 1361 0.995
1306 1307 0.995
1306 1362 0.995
1307 1308 0.995
1307 1363 0.995
1308 1309 0.995
1308 1364 0.995
1309 1310 0.995
1309 1365 0.995
1310 1311 0.995
1310 1366 0.995
1311 1312 0.995
1311 1367 0.995
1312 1313 0.995
1312 1368 0.995
1313 1314 0.995
1313 1369 0.995
1314 1315 0.995
1314 1370 0.995
1315 1316 0.995
1315 1371 0.995
1316 1317 0.995
1316 1372 0.995
1317 1318 0.995
1317 1373 0.995
1318 1319 0.995
1318 1374 0.995
1319 1320 0.995
1319 1375 0.995
1320 1321 0.995
1320 1376 0.995
1321 1322 0.995
1321 1377 0.995
1322 1323 0.995
1322 1378 0.995
1323 1324 0.995
1323 1379 0.995
1324 1325 0.995
1324 1380 0.995
1325 1326 0.995
1325 1381 0.995
1326 1327 0.995
1326 1382 0.995
1327 1328 0.995
1327 1383 0.995
1328 1329 0.995
1328 1384 0.995
1329 1330 0.995
1329 1385 0.995
1330 1331 0.995
1330 1386 0.995
1331 1332 0.995
1331 1387 0.995
1332 1333 0.995
1332 1388 0.995
1333 1334 0.995
1333 1389 0.995
1334 1335 0.995
1334 1390 0.995
1335 1336 0.995
1335 1391 0.995
1336 1337 0.995
1336 1392 0.995
1337 1338 0.995
1337 1393 0.995
1338 1339 0.995
1338 1394 0.995
1339 1340 0.995
1339 1395 0.995
1340 1341 0.995
1340 1396 0.995
1341 1342 0.995
1341 1397 0.995
1342 1343 0.995
1342 1398 0.995
1343 1399 0.995
1344 1345 0.995
1344 1400 0.995
1345 1346 0.995
1345 1401 0.995
1346 1347 0.995
1346 1402 0.995
1347 1348 0.995
1347 1403 0.995
1348 1349 0.995
1348 1404 0.995
1349 1350 0.995
1349 1405 0.995
1350 1351 0.995
1350 1406 0.995
1351 1352 0.995
1351 1407 0.995
1352 1353 0.995
1352 1408 0.995
1353 1354 0.995
1353 1409 0.995
1354 1355 0.995
1354 1410 0.995
1355 1356 0.995
1355 1411 0.995
1356 1357 0.995
1356 1412 0.995
1357 1358 0.995
1357 1413 0.995
1358 1359 0.995
1358 1414 0.995
1359 1360 0.995
1359 1415 0.995
1360 1361 0.995
1360 1416 0.995
1361 1362 0.995
1361 1417 0.995
1362 1363 0.995
1362 1418 0.995
1363 1364 0.995
1363 1419 0.995
1364 1365 0.995
1364 1420 0.995
1365 1366 0.995
1365 1421 0.995
1366 1367 0.995
1366 1422 0.995
1367 1368 0.995
1367 1423 0.995
1368 1369 0.995
1368 1424 0.995
1369 1370 0.995
1369 1425 0.995
1370 1371 0.995
1370 1426 0.995
1371 1372 0.995
1371 1427 0.995
1372 1373 0.995
1372 1428 0.995
1373 1374 0.995
1373 1429 0.995
1374 1375 0.995
1374 1430 0.995
1375 1376 0.995
1375 1431 0.995
1376 1377 0.995
1376 1432 0.995
1377 1378 0.995
1377 1433 0.995
1378 1379 0.995
1378 1434 0.995
1379 1380 0.995
1379 1435 0.995
1380 1381 0.995
1380 1436 0.995
1381 1382 0.995
1381 1437 0.995
1382 1383 0.995
1382 1438 0.995
1383 1384 0.995
1383 1439 0.995
1384 1385 0.995
1384 1440 0.995
1385 1386 0.995
1385 1441 0.995
1386 1387 0.995
1386 1442 0.995
1387 1388 0.995
1387 1443 0.995
1388 1389 0.995
1388 1444 0.995
1389 1390 0.995
1389 1445 0.995
1390 1391 0.995
1390 1446 0.995
1391 1392 0.995
1391 1447 0.995
1392 1393 0.995
1392 1448 0.995
1393 1394 0.995
1393 1449 0.995
1394 1395 0.995
1394 1450 0.995
1395 1396 0.995
1395 1451 0.995
1396 1397 0.995
1396 1452 0.995
1397 1398 0.995
1397 1453 0.995
1398 1399 0.995
1398 1454 0.995
1399 1455 0.995
1400 1401 0.995
1400 1456 0.995
1401 1402 0.995
1401 1457 0.995
1402 1403 0.995
1402 1458 0.995
1403 1404 0.995
1403 1459 0.995
1404 1405 0.995
1404 1460 0.995
1405 1406 0.995
1405 1461 0.995
1406 1407 0.995
1406 1462 0.995
1407 1408 0.995
1407 1463 0.995
1408 1409 0.995
1408 1464 0.995
1409 1410 0.995
1409 1465 0.995
1410 1411 0.995
1410 1466 0.995
1411 1412 0.995
1411 1467 0.995
1412 1413 0.995
1412 1468 0.995
1413 1414 0.995
1413 1469 0.995
1414 1415 0.995
1414 1470 0.995
1415 1416 0.995
1415 1471 0.995
1416 1417 0.995
1416 1472 0.995
1417 1418 0.995
1417 1473 0.995
1418 1419 0.995
1418 1474 0.995
1419 1420 0.995
1419 1475 0.995
1420 1421 0.995
1420 1476 0.995
1421 1422 0.995
1421 1477 0.995
1422 1423 0.995
1422 1478 0.995
1423 1424 0.995
1423 1479 0.995
1424 1425 0.995
1424 1480 0.995
1425 1426 0.995
1425 1481 0.995
1426 1427 0.995
1426 1482 0.995
1427 1428 0.995
1427 1483 0.995
1428 1429 0.995
1428 1484 0.995
1429 1430 0.995
1429 1485 0.995
1430 1431 0.995
1430 1486 0.995
1431 1432 0.995
1431 1487 0.995
1432 1433 0.995
1432 1488 0.995
1433 1434 0.995
1433 1489 0.995
1434 1435 0.995
1434 1490 0.995
1435 1436 0.995
1435 1491 0.995
1436 1437 0.995
1436 1492 0.995
1437 1438 0.995
1437 1493 0.995
1438 1439 0.995
1438 1494 0.995
1439 1440 0.995
1439 1495 0.995
1440 1441 0.995
1440 1496 0.995
1441 1442 0.995
1441 1497 0.995
1442 1443 0.995
1442 1498 0.995
1443 1444 0.995
1443 1499 0.995
1444 1445 0.995
1444 1500 0.995
1445 1446 0.995
1445 1501 0.995
1446 1447 0.995
1446 1502 0.995
1447 1448 0.995
1447 1503 0.995
1448 1449 0.995
1448 1504 0.995
1449 1450 0.995
1449 1505 0.995
1450 1451 0.995
1450 1506 0.995
1451 1452 0.995
1451 1507 0.995
1452 1453 0.995
1452 1508 0.995
1453 1454 0.995
1453 1509 0.995
1454 1455 0.995
1454 1510 0.995
1455 1511 0.995
1456 1457 0.995
1456 1512 0.995
1457 1458 0.995
1457 1513 0.995
1458 1459 0.995
1458 1514 0.995
1459 1460 0.995
1459 1515 0.995
1460 1461 0.995
1460 1516 0.995
1461 1462 0.995
1461 1517 0.995
1462 1463 0.995
1462 1518 0.995
1463 1464 0.995
1463 1519 0.995
1464 1465 0.995
1464 1520 0.995
1465 1466 0.995
1465 1521 0.995
1466 1467 0.995
1466 1522 0.995
1467 1468 0.995
1467 1523 0.995
1468 1469 0.995
1468 1524 0.995
1469 1470 0.995
1469 1525 0.995
1470 1471 0.995
1470 1526 0.995
1471 1472 0.995
1471 1527 0.995
1472 1473 0.995
1472 1528 0.995
1473 1474 0.995
1473 1529 0.995
1474 1475 0.995
1474 1530 0.995
1475 1476 0.995
1475 1531 0.995
1476 1477 0.995
1476 1532 0.995
1477 1478 0.995
1477 1533 0.995
1478 1479 0.995
1478 1534 0.995
1479 1480 0.995
1479 1535 0.995
1480 1481 0.995
1480 1536 0.995
1481 1482 0.995
1481 1537 0.995
1482 1483 0.995
1482 1538 0.995
1483 1484 0.995
1483 1539 0.995
1484 1485 0.995
1484 1540 0.995
1485 1486 0.995
1485 1541 0.995
1486 1487 0.995
1486 1542 0.995
1487 1488 0.995
1487 1543 0.995
1488 1489 0.995
1488 1544 0.995
1489 1490 0.995
1489 1545 0.995
1490 1491 0.995
1490 1546 0.995
1491 1492 0.995
1491 1547 0.995
1492 1493 0.995
1492 1548 0.995
1493 1494 0.995
1493 1549 0.995
1494 1495 0.995
1494 1550 0.995
1495 1496 0.995
1495 1551 0.995
1496 1497 0.995
1496 1552 0.995
1497 1498 0.995
1497 1553 0.995
1498 1499 0.995
1498 1554 0.995
1499 1500 0.995
1499 1555 0.995
1500 1501 0.995
1500 1556 0.995
1501 1502 0.995
1501 1557 0.995
1502 1503 0.995
1502 1558 0.995
1503 1504 0.995
1503 1559 0.995
1504 1505 0.995
1504 1560 0.995
1505 1506 0.995
1505 1561 0.995
1506 1507 0.995
1506 1562 0.995
1507 1508 0.995
1507 1563 0.995
1508 1509 0.995
1508 1564 0.995
1509 1510 0.995
1509 1565 0.995
1510 1511 0.995
1510 1566 0.995
1511 1567 0.995
1512 1513 0.995
1513 1514 0.995
1514 1515 0.995
1515 1516 0.995
1516 1517 0.995
1517 1518 0.995
1518 1519 0.995
1519 1520 0.995
1520 1521 0.995
1521 1522 0.995
1522 1523 0.995
1523 1524 0.995
1524 1525 0.995
1525 1526 0.995
1526 1527 0.995
1527 1528 0.995
1528 1529 0.995
1529 1530 0.995
1530 1531 0.995
1531 1532 0.995
1532 1533 0.995
1533 1534 0.995
1534 1535 0.995
1535 1536 0.995
1536 1537 0.995
1537 1538 0.995
1538 1539 0.995
1539 1540 0.995
1540 1541 0.995
1541 1542 0.995
1542 1543 0.995
1543 1544 0.995
1544 1545 0.995
1545 1546 0.995
1546 1547 0.995
1547 1548 0.995
1548 1549 0.995
1549 1550 0.995
1550 1551 0.995
1551 1552 0.995
1552 1553 0.995
1553 1554 0.995
1554 1555 0.995
1555 1556 0.995
1556 1557 0.995
1557 1558 0.995
1558 1559 0.995
1559 1560 0.995
1560 1561 0.995
1561 1562 0.995
1562 1563 0.995
1563 1564 0.995
1564 1565 0.995
1565 1566 0.995
1566 1567 0.995