PlateSolution
StableStationarySolver:

50.0003
50.0003
50.0004
50.0005
50.0006
50.0007
50.0009
50.0011
50.0013
50.0015
50.0018
50.0022
50.0025
50.0029
50.0034
50.0039
50.0045
50.0051
50.0059
50.0068
50.0077
50.0086
50.0098
50.0112
50.0125
50.0148
50.0173
50.0213
50.3583
50.2939
50.3148
50.3394
50.3628
50.3887
50.4147
50.4391
 50.462
50.4872
50.5052
50.5192
50.5395
50.5462
50.5566
50.5536
50.5448
50.5348
50.5216
50.5029
50.4732
50.4412
50.4101
50.3715
50.3246
50.2836
50.3895
50.3935
50.0061
50.0062
50.0048
50.0062
50.0077
50.0097
50.0119
50.0145
50.0176
50.0212
50.0252
50.0299
50.0348
50.0408
50.0472
50.0548
50.0631
50.0722
50.0814
50.0936
50.1061
50.1201
50.1354
50.1531
50.1713
 50.191
50.2156
50.2403
50.2637
50.2898
50.3158
50.3393
50.3648
 50.393
50.4168
50.4428
50.4692
50.4912
50.5125
50.5319
50.5461
50.5619
50.5684
50.5705
50.5653
50.5551
50.5414
50.5173
50.4898
50.4631
 50.425
 50.388
50.3516
50.3092
50.4046
50.4056
50.0045
50.0047
50.0042
 50.005
50.0063
50.0077
50.0094
50.0115
50.0139
50.0166
50.0197
50.0233
50.0272
50.0316
50.0364
50.0425
50.0489
50.0564
50.0642
50.0725
50.0826
50.0941
50.1049
50.1192
50.1334
50.1489
50.1669
50.1843
50.2095
50.2297
 50.252
50.2728
50.2966
50.3176
50.3376
50.3614
50.3807
50.4018
50.4183
50.4375
50.4485
 50.468
50.4711
50.4721
50.4702
50.4653
50.4525
50.4382
50.4148
50.3964
50.3694
50.3366
50.3099
50.2771
50.3344
50.3238
50.0055
50.0057
 50.005
50.0062
50.0075
50.0092
50.0111
50.0136
50.0163
50.0195
50.0231
50.0276
 50.032
50.0371
50.0434
50.0505
 50.058
50.0665
50.0754
50.0856
50.0978
50.1111
50.1241
50.1398
50.1577
50.1755
50.1968
50.2165
50.2406
50.2671
50.2923
50.3213
 50.346
 50.373
50.3967
50.4228
50.4488
50.4763
50.5011
50.5193
50.5446
50.5582
50.5685
50.5742
50.5708
50.5649
50.5533
50.5356
50.5128
50.4874
50.4535
50.4179
50.3872
50.3407
50.4256
50.4224
50.0064
50.0067
50.0057
50.0071
50.0087
50.0106
50.0129
50.0157
50.0188
50.0224
50.0271
50.0316
50.0367
50.0432
  50.05
50.0578
50.0666
50.0758
50.0873
   50.1
50.1125
50.1277
50.1444
50.1621
50.1822
50.2029
50.2263
50.2521
  50.28
50.3096
50.3382
50.3695
50.4008
50.4358
50.4657
50.5041
 50.534
50.5701
50.5987
50.6239
50.6546
50.6681
50.6886
50.6884
50.6937
50.6917
 50.682
50.6618
50.6306
50.6053
50.5687
50.5166
 50.474
50.4306
50.5404
50.5376
50.0074
50.0077
50.0067
50.0082
50.0099
50.0119
50.0145
50.0177
50.0213
50.0256
50.0302
 50.036
50.0419
50.0491
50.0566
50.0657
50.0759
50.0864
50.0994
50.1128
50.1283
50.1468
50.1654
50.1857
50.2084
50.2344
50.2634
50.2911
50.3219
50.3583
50.3939
50.4263
50.4695
50.5052
 50.546
50.5884
 50.632
50.6759
50.7104
50.7467
50.7754
50.8023
50.8172
50.8429
50.8417
50.8387
50.8226
50.8064
50.7796
 50.739
50.7036
 50.648
50.5898
50.5341
50.6752
50.6844
50.0084
50.0087
50.0073
50.0091
50.0111
50.0135
50.0166
50.0199
50.0239
50.0286
50.0342
50.0399
50.0471
50.0545
50.0634
50.0733
50.0844
50.0973
50.1111
50.1281
50.1448
50.1645
50.1868
50.2097
50.2371
50.2649
 50.299
50.3299
50.3704
50.4109
50.4489
50.4952
50.5398
 50.593
50.6424
50.6909
50.7416
50.7953
50.8364
50.8822
50.9304
50.9613
50.9861
51.0044
51.0202
51.0201
51.0034
50.9876
50.9483
50.9178
 50.854
50.7948
50.7369
50.6658
50.8501
50.8619
50.0095
50.0097
50.0083
  50.01
50.0124
50.0151
50.0183
50.0221
50.0267
50.0316
50.0375
50.0442
50.0526
50.0607
50.0703
50.0816
50.0943
50.1084
 50.124
50.1426
50.1623
 50.184
50.2096
50.2377
50.2678
50.2991
50.3386
50.3777
50.4163
50.4643
50.5175
50.5643
 50.624
50.6844
50.7405
50.8007
50.8665
50.9259
50.9871
51.0493
51.0999
51.1431
 51.182
 51.211
51.2211
51.2318
51.2192
51.1945
51.1592
51.1188
51.0541
 50.984
 50.901
50.8184
51.0593
51.0849
50.0103
50.0107
50.0089
 50.011
50.0134
50.0163
50.0198
50.0238
50.0292
 50.035
50.0414
50.0488
50.0572
50.0666
50.0778
50.0897
50.1038
50.1192
50.1364
50.1566
50.1784
50.2054
50.2327
50.2634
50.2988
50.3355
50.3774
50.4265
50.4743
50.5255
 50.583
50.6444
50.7112
50.7774
50.8514
50.9265
51.0036
51.0818
51.1472
51.2303
51.2877
51.3543
51.4016
51.4372
51.4668
51.4876
51.4749
51.4444
51.3996
51.3627
51.2827
51.2085
51.1185
51.0227
51.3212
51.3319
 50.011
50.0115
50.0096
50.0118
50.0145
50.0176
50.0214
50.0261
50.0313
50.0375
50.0447
50.0524
 50.062
50.0725
50.0841
 50.098
50.1125
  50.13
50.1501
 50.172
50.1957
50.2261
50.2541
  50.29
50.3275
50.3718
50.4185
50.4712
50.5299
50.5877
50.6537
50.7278
50.8039
50.8887
50.9746
51.0568
51.1506
51.2496
51.3484
51.4258
51.4959
51.5812
51.6508
51.7072
51.7403
51.7605
51.7563
51.7464
51.7064
51.6342
51.5604
51.4724
 51.364
51.2699
51.6247
51.6373
50.0119
50.0123
50.0104
50.0127
50.0152
50.0187
 50.023
50.0276
50.0335
50.0401
50.0471
50.0563
50.0663
50.0771
  50.09
50.1048
50.1212
50.1412
50.1615
50.1861
50.2119
50.2426
50.2746
50.3135
50.3585
50.4066
50.4583
50.5193
50.5777
50.6523
50.7276
50.8145
50.9041
50.9997
51.1011
51.2047
51.3174
51.4301
 51.541
51.6472
51.7545
51.8496
51.9422
52.0363
52.0583
52.0824
52.1003
52.0831
52.0597
51.9811
51.8744
51.7821
51.6792
51.5231
51.9633
51.9928
50.0125
 50.013
50.0109
50.0131
50.0161
50.0196
50.0241
50.0294
50.0355
50.0422
50.0503
50.0593
50.0701
50.0823
50.0959
50.1117
50.1285
50.1496
50.1723
50.1998
50.2269
50.2598
50.2953
  50.34
 50.385
50.4412
50.4964
50.5645
50.6368
50.7133
 50.799
50.8971
50.9997
 51.116
51.2367
51.3579
51.4869
51.6379
51.7581
51.8925
52.0219
52.1489
52.2541
52.3502
52.4263
52.4639
52.4844
52.4755
52.4391
52.3758
52.2622
52.1625
52.0326
51.8672
52.3892
52.4553
 50.013
50.0134
50.0112
50.0138
50.0167
50.0205
50.0249
50.0305
50.0369
50.0438
50.0524
50.0617
 50.073
50.0851
50.1009
50.1165
50.1358
50.1569
50.1807
50.2079
50.2424
50.2758
50.3142
50.3605
50.4115
50.4709
50.5358
50.6081
50.6886
50.7701
50.8716
50.9793
51.1016
51.2381
51.3696
51.5239
51.6715
51.8306
51.9986
  52.17
52.3306
 52.474
52.6086
52.7386
52.8448
52.9149
52.9624
52.9284
52.9243
52.8451
52.7516
52.6085
52.4283
52.2635
52.8991
52.9511
50.0133
50.0138
50.0116
50.0141
50.0172
50.0209
50.0258
50.0311
50.0378
50.0453
50.0539
50.0637
 50.075
 50.088
50.1044
50.1211
50.1403
50.1639
50.1903
50.2186
50.2497
50.2886
50.3319
 50.381
50.4361
50.5026
50.5702
50.6489
50.7373
50.8356
50.9466
51.0668
51.2029
51.3497
51.5051
 51.691
 51.867
52.0569
52.2575
 52.454
52.6433
52.8312
 53.001
53.1695
53.2893
53.4238
53.4498
53.4859
53.4858
53.3609
53.2565
53.1133
52.9662
52.7198
53.4572
 53.558
50.0134
50.0139
50.0116
50.0143
50.0174
50.0214
50.0261
50.0319
50.0382
50.0461
50.0547
50.0654
50.0768
50.0911
50.1064
50.1243
50.1443
 50.167
50.1946
50.2252
 50.261
50.2998
50.3467
 50.398
50.4605
50.5249
50.6025
50.6856
50.7873
50.8914
51.0123
51.1476
51.3018
51.4621
51.6505
51.8456
52.0428
52.2717
52.4994
52.7465
52.9859
53.2063
53.4759
53.6245
53.8093
53.9702
54.0468
54.1144
54.1002
53.9984
53.8759
53.7188
53.5471
53.2585
54.2175
54.2829
50.0134
50.0139
50.0116
50.0141
50.0174
50.0212
50.0258
50.0319
50.0385
50.0462
50.0553
50.0652
 50.078
50.0916
50.1069
50.1259
50.1473
50.1704
 50.197
50.2294
50.2678
50.3083
50.3546
50.4113
 50.475
50.5511
50.6284
50.7236
50.8253
50.9479
51.0777
51.2263
51.3865
51.5838
51.7759
52.0143
52.2545
52.5194
 52.788
53.0795
53.3389
53.6387
53.9219
54.1854
54.4464
54.5852
54.7108
54.7558
54.8378
54.8022
54.5928
54.4607
54.2003
53.8976
54.9811
55.0959
50.0133
50.0138
50.0114
50.0141
50.0172
50.0212
50.0259
50.0319
50.0378
50.0463
 50.055
50.0659
50.0765
 50.091
50.1077
 50.126
50.1482
50.1717
50.2004
50.2337
 50.271
50.3139
50.3624
50.4218
50.4896
 50.564
50.6525
50.7562
50.8616
50.9837
51.1284
51.2864
51.4887
51.6852
 51.929
52.1515
52.4502
52.7365
53.0701
53.3952
53.7408
54.0847
54.4674
  54.79
55.1101
55.3182
 55.471
55.6378
55.6339
55.5645
55.5262
55.2951
55.0293
54.6464
55.9319
56.0989
50.0128
50.0134
50.0112
50.0139
50.0171
50.0206
50.0253
50.0311
50.0374
50.0456
50.0542
50.0648
50.0763
50.0905
50.1068
50.1256
50.1453
50.1703
50.1993
50.2359
50.2714
50.3165
50.3655
50.4248
50.4964
50.5712
50.6674
 50.772
50.8819
51.0237
51.1716
51.3394
51.5487
51.7774
52.0376
52.3326
52.6235
 52.981
53.3582
53.7559
54.1402
54.6087
54.9931
55.4023
55.8341
56.1896
56.4185
56.5693
56.6151
56.6266
56.5761
56.3454
55.9805
55.5813
57.0185
57.1957
50.0123
50.0129
50.0108
50.0134
50.0163
50.0199
50.0243
  50.03
50.0366
50.0441
50.0524
50.0628
50.0744
 50.089
50.1043
 50.123
50.1431
50.1699
50.1955
50.2302
50.2691
50.3139
50.3673
50.4283
50.4953
50.5756
50.6758
50.7805
50.8982
51.0442
51.1983
  51.39
51.6154
51.8521
52.1493
52.4612
52.8178
53.2085
53.6333
54.0986
54.5446
55.1581
55.6099
 56.206
56.6719
57.1307
57.4461
57.6492
57.8305
57.8014
57.6616
 57.495
57.1384
56.7136
58.3615
58.3982
50.0119
50.0123
50.0103
50.0127
50.0155
50.0191
50.0236
50.0288
50.0351
50.0424
50.0507
50.0609
 50.072
50.0859
50.1011
50.1189
50.1394
 50.164
 50.192
50.2257
 50.264
50.3093
50.3591
50.4187
50.4892
50.5712
50.6706
50.7849
  50.91
 51.049
51.2306
51.4262
51.6591
51.9454
52.2436
52.5785
 53.001
53.4264
53.9213
54.4458
55.0418
55.6753
56.2971
57.0047
57.5373
 58.162
58.5556
58.8762
 59.092
59.2097
59.0729
58.7785
58.4556
58.0341
59.8743
60.0226
50.0111
50.0115
50.0098
 50.012
50.0148
50.0181
50.0224
50.0274
50.0332
50.0403
50.0488
50.0575
 50.069
 50.082
50.0976
50.1135
50.1348
50.1573
50.1856
50.2178
50.2533
50.3007
50.3509
50.4096
 50.479
50.5614
50.6541
50.7658
 50.904
51.0585
51.2529
51.4339
51.6852
51.9743
52.3232
52.6996
53.1645
53.6399
54.1615
   54.8
55.4857
56.2483
 56.979
57.7597
58.5414
59.2567
59.8382
60.1967
60.7161
60.7498
 60.734
60.4611
60.1384
59.5491
61.7219
61.9116
50.0102
50.0106
50.0092
50.0112
50.0138
50.0169
 50.021
50.0257
50.0315
50.0378
50.0459
50.0549
50.0651
50.0766
50.0912
 50.109
50.1284
50.1497
 50.176
50.2069
50.2457
50.2858
50.3356
50.3951
50.4694
50.5481
50.6439
50.7613
50.8919
51.0412
51.2218
51.4487
51.6964
 51.995
52.3632
52.7822
53.2589
53.7831
54.4454
55.1927
55.9012
56.7699
57.6863
58.6878
59.6256
60.5522
61.2457
61.9253
62.1903
62.5929
62.6197
62.2304
61.7666
61.2118
63.5403
63.7054
50.0093
50.0097
50.0084
50.0103
50.0128
50.0156
50.0192
 50.024
50.0289
50.0351
50.0424
50.0509
50.0609
50.0721
50.0864
50.1015
  50.12
50.1423
50.1666
50.1958
50.2312
50.2719
50.3206
50.3778
50.4437
50.5223
50.6173
50.7262
50.8579
51.0203
51.1979
51.4197
51.6707
 52.013
52.3586
52.8019
53.2855
53.9182
54.6301
55.3952
56.2828
57.2736
58.4164
59.5216
60.7682
61.7988
62.7663
63.6014
64.1439
64.6375
64.4627
64.2456
63.8575
63.0118
65.4708
65.8455
50.0082
50.0088
50.0076
50.0095
50.0116
50.0144
50.0177
50.0219
50.0264
50.0326
50.0392
50.0462
50.0555
50.0662
50.0797
50.0944
50.1105
50.1315
50.1558
50.1836
50.2171
50.2552
 50.299
50.3569
50.4181
50.4964
50.5904
50.6982
50.8171
50.9877
51.1621
51.3974
51.6311
51.9963
52.3681
52.7797
53.3512
53.9814
54.6676
55.5622
 56.576
57.7915
59.0143
60.4092
61.9931
63.3449
64.6611
65.8706
66.1775
66.5439
66.6399
66.3238
66.0132
65.3071
67.9143
68.0794
50.0073
50.0078
50.0068
50.0086
50.0105
 50.013
50.0162
50.0199
50.0245
50.0296
50.0355
50.0431
 50.051
50.0608
50.0729
50.0865
50.1019
50.1205
50.1429
 50.169
50.2011
50.2369
50.2799
50.3291
 50.392
50.4649
50.5468
50.6589
50.7812
50.9252
51.1162
51.3353
51.5838
51.9132
52.2794
52.7507
53.3384
53.9321
54.7648
55.6699
56.8849
58.1233
59.6506
61.4664
63.1062
65.0557
66.5098
67.9689
68.8029
69.1681
69.2383
69.0735
68.5461
67.6712
70.5271
70.4838
50.0063
50.0068
50.0062
50.0076
50.0095
50.0118
50.0144
50.0177
50.0217
50.0266
50.0319
50.0389
 50.046
50.0552
50.0663
50.0786
50.0925
50.1104
50.1304
50.1527
50.1804
 50.215
50.2577
50.3051
50.3581
50.4238
50.5099
50.6057
50.7236
50.8708
51.0527
51.2529
51.5044
51.8156
52.1787
52.6295
53.2066
53.8622
54.6805
 55.632
56.8847
 58.199
 59.937
 61.869
64.2452
66.6757
68.9244
70.4849
71.6265
72.0488
71.9666
71.8925
71.2682
70.4072
72.9051
72.6391
50.0086
50.0089
50.0074
50.0094
50.0117
50.0147
50.0182
50.0227
50.0275
50.0341
50.0415
50.0503
  50.06
50.0718
50.0857
50.1008
50.1196
50.1416
50.1672
50.1992
50.2348
50.2804
50.3327
50.3934
50.4684
50.5565
50.6659
 50.788
50.9561
  51.14
51.3656
51.6328
51.9814
52.3792
52.8558
53.4401
54.1827
55.0467
56.1253
57.5176
 58.912
60.8301
63.1025
65.7806
69.1802
72.7044
75.9594
78.4868
79.5102
80.0912
80.1277
79.8566
78.8184
77.5377
 82.194
82.4525
50.0087
 50.009
50.0072
50.0092
50.0117
50.0147
50.0183
 50.023
 50.028
50.0345
50.0422
50.0506
50.0606
50.0728
50.0867
50.1029
50.1221
50.1457
50.1728
50.2034
50.2424
50.2889
50.3403
50.4033
50.4821
 50.574
50.6804
50.8114
 50.982
51.1785
51.4225
51.7078
52.0437
52.4733
52.9851
53.6102
54.3736
 55.288
56.4128
57.8722
59.4375
61.6939
63.8263
67.2421
71.0089
75.2792